1 0.5615234375 0.4833984375 0.09765625 0.0625
0 0.59765625 0.2158203125 0.078125 0.046875
1 0.6015625 0.7041015625 0.0859375 0.05859375
0 0.6240234375 0.6015625 0.0625 0.04296875
1 0.55078125 0.1376953125 0.08203125 0.044921875
1 0.5673828125 0.3798828125 0.0859375 0.044921875
1 0.634765625 0.2939453125 0.0703125 0.04296875
1 0.6552734375 0.37109375 0.052734375 0.03125
0 0.6044921875 0.548828125 0.0703125 0.037109375
1 0.6494140625 0.474609375 0.056640625 0.03515625
1 0.6669921875 0.8076171875 0.052734375 0.03515625